50 0.0288
100 0.0163
200 0.0112
400 0.0025
800 0.0000
1400 0.0000
50 0.0225
100 0.0175
200 0.0025
400 0.0013
800 0.0000
1400 0.0000
50 0.0150
100 0.0138
200 0.0075
400 0.0013
800 0.0000
1400 0.0000
50 0.0200
100 0.0213
200 0.0088
400 0.0025
800 0.0000
1400 0.0000
50 0.0213
100 0.0213
200 0.0112
400 0.0025
800 0.0000
1400 0.0000
50 0.0200
100 0.0275
200 0.0088
400 0.0037
800 0.0013
1400 0.0000
50 0.0213
100 0.0187
200 0.0088
400 0.0013
800 0.0000
1400 0.0000
50 0.0150
100 0.0050
200 0.0138
400 0.0025
800 0.0000
1400 0.0000
50 0.0163
100 0.0150
200 0.0125
400 0.0025
800 0.0000
1400 0.0000
50 0.0138
100 0.0100
200 0.0037
400 0.0013
800 0.0000
1400 0.0000
